1 1 -3.35138 1.60524 0.0862052 0.161012 -0.286012 0.0526755 
10 1 -2.89321 1.214 0.0908873 0.339914 -0.228658 0.131517 
100 2 0.983153 4.45607 -1.13639 0.427728 -0.704163 0.0771943 
101 0 18.5959 3.17367 -2.66067 0.240052 -0.8229 0.0870884 
102 5 -5.64239 0.774581 -0.0140357 0.152155 -0.311623 0.0406147 
103 5 -4.1278 1.40362 -0.138113 0.207352 -0.254979 0.112075 
104 1 -2.16712 5.35069 -0.380351 0.595243 -0.258755 0.13807 
105 0 19.2765 2.86328 4.06144 1.25495 1.96619 0.601344 
106 5 -4.51741 1.73809 0.390739 0.409232 -0.18411 0.150385 
11 1 -0.434279 3.01903 -1.05573 0.274337 -0.577878 0.0725687 
12 2 1.12354 2.00618 0.941446 0.641854 0.0849441 0.301467 
13 1 -0.766545 1.21676 -0.569612 0.416777 -0.221773 0.157045 
14 5 -4.46626 0.934501 0.492085 0.277614 -0.21755 0.116244 
15 4 11.0907 7.20146 -1.7672 0.656863 -0.77558 0.179298 
16 1 -1.93936 1.77564 0.0270162 0.404929 -0.262299 0.154245 
17 5 -3.63744 1.35567 0.0998408 0.342834 -0.24895 0.12934 
18 5 -4.04701 1.3942 -1.05464 0.580399 0.688779 0.815642 
19 2 2.69141 1.55543 0.417107 0.42748 -0.105628 0.201084 
2 5 -5.01315 0.765844 -0.311385 0.330239 -0.0672975 0.217675 
20 3 30.7187 12.8849 -3.3424 1.19372 -0.964568 0.176221 
21 1 0.424261 1.90213 -0.963624 0.244693 -0.239741 0.243225 
22 0 15.5396 3.41616 2.62416 1.81358 1.20214 0.866716 
23 2 0.871125 10.7156 -0.879854 0.870304 -0.396085 0.232843 
24 5 -6.05772 0.952759 -1.02143 0.338304 0.480954 0.590066 
25 1 -0.830741 1.83084 0.557534 0.392243 -0.11855 0.178305 
26 4 10.5489 6.57891 -1.77023 0.597271 -0.837042 0.135865 
27 5 -6.27072 0.373933 -0.155704 0.109458 -0.202139 0.0730552 
28 2 3.27334 1.10097 -0.920892 0.133754 -0.610279 0.0471575 
29 0 23.4116 13.1661 -2.80662 1.09229 -0.884613 0.19369 
3 1 -0.811007 3.43384 0.312763 0.580257 -0.147178 0.253943 
30 4 11.1655 3.85717 2.3358 1.14721 0.943331 0.566831 
31 1 -0.767751 1.06434 0.312636 0.333192 -0.204859 0.152519 
32 1 -3.01338 1.77455 0.277942 0.460654 -0.211326 0.208061 
33 1 -2.47695 1.58283 0.246622 0.467138 -0.1947 0.199053 
34 2 0.483336 2.65271 1.06777 0.798896 0.0981818 0.372641 
35 1 -1.02397 1.50573 0.258131 0.331878 -0.236195 0.146742 
36 2 2.35094 2.34571 0.243161 0.37896 -0.231301 0.181626 
37 1 -0.453785 1.98829 0.736418 0.503649 -0.045222 0.231856 
38 5 -6.25283 1.05312 -0.421891 0.369341 0.0681492 0.526028 
39 1 0.286806 3.42678 0.395481 0.548668 -0.132233 0.26999 
4 5 -4.51848 1.18645 -0.744078 0.224056 -0.204667 0.193894 
40 2 6.43435 26.6238 -0.477781 2.05674 -0.326668 0.17552 
41 1 -2.66421 1.4353 0.73662 0.40651 -0.0905077 0.189452 
42 5 -4.71478 1.28675 0.446349 0.281651 -0.208983 0.101989 
43 1 -3.35555 1.44754 0.235863 0.276127 -0.22535 0.109887 
44 5 -8.07086 0.621177 -3.57612 2.39808 6.25766 5.29169 
45 1 -1.64651 1.43538 0.739416 0.483857 -0.0767157 0.224978 
46 1 -0.0182968 1.25179 0.910372 0.595276 0.0153335 0.270023 
47 2 1.16106 1.45057 0.268767 0.352731 -0.198944 0.153874 
48 4 13.3273 9.86524 2.43949 1.47649 1.07609 0.876838 
49 1 -3.18369 9.15965 -0.434051 0.785398 -0.16351 0.210842 
5 1 -1.4681 2.2928 -1.08682 0.184984 -0.362656 0.153074 
50 5 -5.93747 0.868955 -0.208536 0.37508 -0.0509723 0.176987 
51 5 -4.11441 0.816304 0.15272 0.307273 -0.240531 0.130594 
52 5 -5.58085 0.919518 0.158036 0.24929 -0.253893 0.0735046 
53 3 26.8479 3.80051 4.25695 1.64451 2.30269 0.755294 
54 1 -3.50939 1.30259 0.0355302 0.316051 -0.241473 0.158178 
55 5 -5.49341 0.920435 -0.0452067 0.22162 -0.238328 0.113961 
56 3 28.2034 8.33119 3.7734 1.8299 2.11556 0.950947 
57 5 -4.81651 1.21259 0.118425 0.195659 -0.258057 0.0852787 
58 5 -4.81651 1.21259 0.118425 0.195659 -0.258057 0.0852787 
59 1 -0.507558 1.82975 0.49044 0.516429 -0.101956 0.232187 
6 5 -8.10654 0.375474 -1.66606 1.41221 2.30607 2.99868 
60 4 10.5328 18.6427 1.36043 1.03314 0.506445 0.557819 
61 0 17.5313 7.37191 1.65634 1.61206 0.846827 0.891237 
62 1 -1.4549 1.46808 -0.572837 0.289967 -0.257444 0.168204 
63 1 -1.68012 2.12806 -0.182796 0.404851 -0.31825 0.174329 
64 2 1.56697 1.66342 0.373488 0.325322 -0.132994 0.146891 
65 5 -4.3868 0.93358 0.440291 0.263882 -0.212935 0.113819 
66 1 -2.6735 1.78531 0.370756 0.409245 -0.169259 0.170991 
67 1 -2.6735 1.04923 0.351133 0.27881 -0.221197 0.124607 
68 2 2.77317 2.34791 0.211332 0.239117 -0.241089 0.10711 
69 1 -2.37741 1.32956 -0.291962 0.319145 -0.308283 0.164739 
7 5 -5.20532 1.00796 -0.978941 0.546803 0.554133 0.990326 
70 5 -6.48646 0.534657 0.0505097 0.310298 -0.163007 0.157268 
71 1 -2.18625 2.13836 -0.394328 0.254459 -0.249655 0.147556 
72 5 -4.15976 1.30599 0.191243 0.401761 -0.20248 0.173464 
73 1 -0.0739532 1.86965 0.320176 0.447618 -0.152153 0.199082 
74 1 -1.60126 6.86712 -0.576667 0.637084 -0.510004 0.117106 
75 2 0.787152 1.47566 0.81011 0.512748 0.0242279 0.243941 
76 5 -3.90306 1.7783 -1.41593 0.240978 0.694965 0.569152 
77 2 3.90754 2.29227 1.23197 0.627694 0.259563 0.292489 
78 2 5.12856 1.31118 2.36648 0.890655 0.785773 0.408773 
79 5 -4.21004 1.40602 0.104755 0.392148 -0.188767 0.172413 
8 2 2.71687 2.34572 1.24877 0.484784 0.243189 0.240923 
80 5 -4.37717 2.05814 -1.02013 0.35562 -0.0902739 0.885005 
81 1 -1.94182 1.97682 0.13051 0.394613 -0.183638 0.123866 
82 1 -1.06233 1.43309 0.325411 0.346314 -0.173435 0.147412 
83 2 0.912533 2.12915 0.828459 0.516886 0.0205509 0.258355 
84 1 -1.36831 1.83595 0.563534 0.568429 -0.114717 0.26548 
85 5 -6.19754 0.695497 -0.0329182 0.202842 -0.198973 0.0802498 
86 2 5.86365 2.96199 1.7212 0.89612 0.532682 0.450152 
87 1 -3.34682 1.4558 0.587412 0.457338 -0.149228 0.199066 
88 5 -5.13806 1.19243 -0.215614 0.336313 -0.0972316 0.230589 
89 5 -5.46779 0.860655 -0.0795381 0.135146 -0.313378 0.0488724 
9 2 3.70026 4.23775 0.923557 0.701451 0.14762 0.350333 
90 5 -4.63912 1.26868 -0.64025 0.310174 0.164527 0.467331 
97 1 -3.37453 3.58963 -0.59115 0.360943 -0.260763 0.220926 
98 1 -1.66188 0.639959 0.193461 0.104392 -0.314285 0.0452321 
99 1 -1.86314 2.13404 -0.0818968 0.337808 -0.248756 0.154137 
